-- Define the sequence of CFrame positions
local positions = {
    CFrame.new(-3392.52051, 1999.57642, 1539.34924, -0.0779938102, 3.52310847e-09, -0.996953845, -0.00103974913, 0.999999464, 8.1345308e-05, 0.996953309, 0.00104292633, -0.0779937655),
    CFrame.new(-2426.83447, 1838.09961, 1540.32861, -0.0207012016, 0.173535407, -0.984610021, -0.00100066548, 0.984816968, 0.173592925, 0.999785185, 0.00457884744, -0.0202132445),
    CFrame.new(-2169.146, 1711.19373, 802.758301, 0.999673724, -0.00448325789, 0.0251455139, 2.35253628e-05, 0.984636247, 0.17461805, -0.0255420413, -0.174560487, 0.984315097),
    CFrame.new(-1613.10095, 1635.79419, 617.185669, -0.299347013, 0.161191493, -0.940430045, -0.000905934605, 0.985578179, 0.169218332, 0.954143882, 0.0515069664, -0.294883847),
    CFrame.new(-1287.30371, 1482.38147, 1322.73474, -0.991599023, 0.0191361178, -0.127926528, -0.000116136005, 0.988864124, 0.148821205, 0.129349828, 0.147585809, -0.980554461),
    CFrame.new(-600.227173, 1288.97668, 1456.59351, 0.961609125, 0.0104843974, -0.274222463, -0.0002689088, 0.999305427, 0.0372636504, 0.274422675, -0.0357593261, 0.960944057),
    CFrame.new(-1019.77319, 1188.40283, 608.808472, 0.944288552, -0.0375632718, 0.326968133, 0.000333858683, 0.993574321, 0.113181189, -0.32911858, -0.106766537, 0.938233376),
    CFrame.new(-626.289673, 1120.98083, 242.440506, -0.802500427, -0.0133281127, -0.596502662, -0.000662125065, 0.999769747, -0.0214478299, 0.596651196, -0.0168169346, -0.802324474),
    CFrame.new(-52.1231766, 1064.58374, 908.431641, -0.819758773, 0.0683005899, -0.568621635, -0.000601543987, 0.992759943, 0.120113634, 0.572708607, 0.0988062546, -0.813782632),
    CFrame.new(735.782715, 988.443298, 817.563904, 0.821262419, 0.0299125034, -0.569765985, -0.000596127706, 0.998669207, 0.0515705012, 0.570550323, -0.0420132615, 0.820187271),
    CFrame.new(1480.89246, 899.945984, 363.888184, 0.604871392, 0.0715906918, -0.793098629, -0.000807028089, 0.996005237, 0.0892909914, 0.796322763, -0.0533695109, 0.602512836),
    CFrame.new(926.090393, 815.266846, -338.988983, 0.407106549, -0.0765393376, 0.910168111, 0.000869784504, 0.996514797, 0.0834114999, -0.913380265, -0.0331657156, 0.405754268),
    CFrame.new(255.016006, 738.624207, -902.264709, 0.987064958, -0.0105870906, 0.159970939, 0.000160007257, 0.99788177, 0.0650538579, -0.160320818, -0.0641867816, 0.984975755),
    CFrame.new(411.235077, 696.158875, -1277.98181, -0.429452509, 8.35059836e-05, -0.903089464, -0.000899839099, 0.999999464, 0.000520373811, 0.903088987, 0.00103611103, -0.429452211),
    CFrame.new(1203.26196, 633.634888, -1188.52295, -0.279700339, -3.50692499e-05, -0.960087359, -0.00094894733, 0.999999523, 0.000239927831, 0.960086882, 0.000978180207, -0.279700249),
    CFrame.new(1954.61035, 574.66571, -1104.11719, -0.170532271, 4.41457759e-09, -0.985352099, -0.000912474992, 0.999999583, 0.000157924107, 0.985351682, 0.000926040288, -0.170532197),
    CFrame.new(1961.18542, 534.557739, -1598.89587, 0.613872945, 4.53763338e-09, 0.789404809, 0.000824705639, 0.999999464, -0.000641330029, -0.789404392, 0.00104472181, 0.613872647),
    CFrame.new(1213.07727, 471.722931, -1871.98853, 0.419166476, 3.19130189e-09, 0.907909393, 0.000857449719, 0.999999583, -0.00039587362, -0.907908976, 0.000944423606, 0.419166297),
    CFrame.new(463.456818, 409.139954, -2144.64136, 0.490726322, 4.33006031e-09, 0.871313751, 0.000880422827, 0.999999464, -0.000495861517, -0.871313334, 0.00101045682, 0.490726054),
    CFrame.new(582.906372, 369.226074, -2461.42114, -0.129567727, 0.000124856306, -0.991570592, -0.000790227612, 0.999999642, 0.00022917609, 0.991570234, 0.000813260267, -0.129567578),
    CFrame.new(1402.30615, 369.104828, -2461.40283, -0.0740464181, -8.0410573e-06, -0.997254789, -0.00103709835, 0.999999464, 6.89416192e-05, 0.997254252, 0.00103935611, -0.0740463808),
    CFrame.new(2243.23462, 344.197937, -2461.48047, -0.100349799, 3.88861743e-09, -0.994952202, -0.00105013803, 0.999999464, 0.000105919695, 0.994951665, 0.00105546624, -0.100349747),
    CFrame.new(2237.87622, 304.147888, -2920.79517, 0.518009663, 4.35839409e-09, 0.855374753, 0.000886770198, 0.999999464, -0.000537027663, -0.855374336, 0.00103670638, 0.518009365),
    CFrame.new(1515.21716, 241.348022, -3257.69141, 0.474827558, 3.74529874e-09, 0.880078852, 0.000888427196, 0.999999464, -0.000479335984, -0.880078435, 0.0010094879, 0.474827319),
    CFrame.new(794.46936, 239.276001, -3465.00415, 0.32030794, 2.08047046e-09, 0.947313488, 0.000902897271, 0.999999523, -0.000305292022, -0.94731307, 0.000953114242, 0.320307791),
    CFrame.new(804.998474, 199.348007, -3794.53589, -0.0844748989, 3.50262153e-09, -0.996425629, -0.00105149625, 0.999999464, 8.91471864e-05, 0.996425033, 0.00105526845, -0.0844748542),
    CFrame.new(1447.15515, 199.275986, -3850.71875, -0.0278314408, 2.61990829e-09, -0.999612629, -0.00097272126, 0.999999523, 2.70853452e-05, 0.999612153, 0.000973098271, -0.0278314278),
    CFrame.new(2146.7478, 199.362457, -3866.94556, 0.232574344, 3.16530277e-05, -0.972578645, -0.00101858738, 0.999999464, -0.000211031031, 0.972578108, 0.00103973667, 0.232574239),
    CFrame.new(2923.8042, 199.376648, -3935.25977, -0.0785670727, -1.68681272e-05, -0.996908844, -0.000992202898, 0.999999523, 6.12757722e-05, 0.996908307, 0.00099395006, -0.0785670504),
    CFrame.new(3327.46265, 159.322006, -4394.1582, 0.99631989, 7.97358013e-10, 0.0857128128, 9.60219695e-05, 0.999999344, -0.00111616217, -0.0857127607, 0.00112028478, 0.996319234),
    CFrame.new(3235.17944, 159.065567, -4939.37451, -0.996108472, 1.27530175e-09, -0.0881360546, -9.23684493e-05, 0.999999464, 0.00104395719, 0.0881360024, 0.00104803557, -0.996107876),
}

-- Set the delay between each teleport (in seconds)
local teleportDelay = 1  -- Adjust this value as needed

-- Function to teleport sequentially through the positions
local function teleportSequentially()
    for _, position in ipairs(positions) do
        player.Character:PivotTo(position)
        wait(teleportDelay)
    end
end

-- Call the function to start teleportation
teleportSequentially()
